30375.000000000004	8.080372661624131e-11	-45562.50000000001	-30375.000000000004	-8.080372661624131e-11	-45562.50000000001
8.080372661624131e-11	1350000.0000000002	2.7898984893075645e-12	-8.080372661624131e-11	-1350000.0000000002	2.7898984893075645e-12
-45562.50000000001	2.7898984893075645e-12	91125.00000000001	45562.50000000001	-2.7898984893075645e-12	45562.50000000001
-30375.000000000004	-8.080372661624131e-11	45562.50000000001	30375.000000000004	8.080372661624131e-11	45562.50000000001
-8.080372661624131e-11	-1350000.0000000002	-2.7898984893075645e-12	8.080372661624131e-11	1350000.0000000002	-2.7898984893075645e-12
-45562.50000000001	2.7898984893075645e-12	45562.50000000001	45562.50000000001	-2.7898984893075645e-12	91125.00000000001
